0, 1
1, 4
2, 8
3, 14
4, 24
5, 33
6, 48
7, 59
8, 76
9, 85
10, 106
11, 120
12, 147
13, 169
14, 198
15, 224
16, 260
17, 287
18, 320
19, 353
20, 394
21, 430
22, 465
23, 499
24, 544
25, 587
26, 642
27, 683
28, 744
29, 782
30, 842
31, 881
32, 947
33, 999
34, 1080
35, 1127
36, 1208
37, 1260
38, 1339
39, 1396
40, 1484
41, 1542
42, 1629
43, 1693
44, 1789
45, 1852
46, 1946
47, 2015
48, 2107
49, 2184
50, 2278
51, 2359
52, 2449
53, 2538
54, 2642
55, 2732
56, 2843
57, 2934
58, 3056
59, 3148
60, 3261
61, 3356
62, 3508
63, 3617
64, 3768
65, 3877
66, 4032
67, 4145
68, 4304
69, 4396
70, 4553
71, 4647
72, 4811
73, 4914
74, 5086
75, 5187
76, 5357
77, 5465
78, 5636
79, 5743
80, 5927
81, 6036
82, 6236
83, 6334
84, 6533
85, 6631
86, 6835
87, 6931
88, 7149
89, 7254
90, 7466
91, 7580
92, 7801
93, 7917
94, 8147
95, 8251
96, 8496
97, 8598
98, 8843
99, 8958
100, 9199
101, 9317
102, 9551
103, 9683
104, 9915
105, 10057
106, 10297
107, 10451
108, 10688
109, 10844
110, 11066
111, 11237
112, 11459
113, 11634
114, 11848
115, 12022
116, 12258
117, 12438
118, 12697
119, 12877
120, 13120
121, 13309
122, 13552
123, 13749
124, 13982
125, 14189
126, 14420
127, 14645
128, 14866
129, 15105
130, 15327
131, 15569
132, 15812
133, 16043
134, 16275
135, 16517
136, 16756
137, 17017
138, 17242
139, 17505
140, 17723
141, 17505
142, 17723
143, 17505
144, 17723
145, 17505
146, 17723
147, 17505
148, 17723
149, 17505
